103
1 5.5 25
2 6 25
4 6.5 50
1 7 50
2 8.5 25
3 9 25
3 9.5 25
2 10.5 25
1 11.75 250
3 13 25
4 13.5 25
1 14 25
3 14.5 25
1 15 25
3 15.5 25
1 16 25
1 16.5 25
1 17.75 25
2 18 25
4 18.5 25
3 19 25
2 19.5 25
1 20.25 25 
2 20.5 25
3 20.75 25
4 21.25 25
4 21.5 25
1 23 25
2 23.5 25
3 24 25
3 24.75 25
3 25 25
1 26 200
1 27 25
2 27.5 25 
1 28 25
3 28.5 25
4 29 25
2 29.5 25
1 30.5 25
1 30.75 25
1 31.75 25
2 32 25
4 32.5 25
1 33 25
3 33.5 25
1 34 25
2 34.5 25
3 35 25 
4 35.5 25
4 35.75 25
1 36.25 25
2 36.5 25
2 36.75 25 
3 37.25 25
3 37.75 25
4 38 25
2 38.5 25
1 39 25
3 40 25 
4 40.5 25
3 41.25 25
4 41.5 25
2 42 25
3 42.25 25
1 42.75 25
1 43.25 25
2 43.75 25 
2 44 25
4 44.5 25
2 44.75 25
1 45.25 25
3 45.75 25
2 46 25
1 46.5 25
2 47 25
4 47.5 25
3 47.75 25 
3 48 25
4 48.25 25
1 49 25
2 49.25 25
4 49.75 50
1 50.25 25
4 50.75 25
3 51.5 25
1 52 25
3 52.75 25
1 53 25
3 54 25 
2 54.75 25
4 55 25
1 55.5 25
3 56 25
2 56.25 25
1 56.75 25
1 57.25 25 
3 57.75 25
2 58 25
4 58.5 25
1 59.5 25
4 60 25
2 60.75 50