219
1 5.5 25
2 6 25
3 6.25 25
4 6.5 50
1 7 50
4 7 50
2 8.5 25
3 9 25
3 9.5 25
4 9.75 25
2 10.5 25
3 10.75 25
1 11.75 250
3 13 25
4 13.5 25
1 14 25
2 14.25 25
3 14.5 25
4 14.75 25
1 15 25
3 15.5 25
1 16 25
1 16.5 25
1 17.75 25
2 18 25
3 18.25 25
4 18.5 25
1 18.75 25
3 19 25
3 19.25 25
2 19.5 25
1 19.75 25
1 20.25 25 
2 20.5 25
3 20.75 25
4 21.25 25
4 21.5 25
1 23 25
2 23.5 25
3 24 25
2 24.25 25
3 24.75 25
3 25 25
1 26 200
1 27 25
2 27.5 25 
1 28 25
2 28.25 25
3 28.5 25
4 28.75 25
4 29 25
3 29.25 25
2 29.5 25
1 30.5 25
1 30.75 25
1 31.75 25
2 32 25
3 32.25 25
4 32.5 25
1 33 25
2 33.25 25
3 33.5 25
1 34 25
2 34.5 25
3 35 25 
4 35.5 25
4 35.75 25
1 36.25 25
2 36.5 25
2 36.75 25 
3 37.25 25
4 37.5 25
3 37.75 25
4 38 25
3 38.25 25
2 38.5 25
1 39 25
1 39.75 25
3 40 25 
4 40.25 25 
4 40.5 25
1 40.75 25
3 41.25 25
4 41.5 25
2 42 25
3 42.25 25
1 42.75 25
1 43.25 25
2 43.75 25 
2 44 25
4 44.5 25
2 44.75 25
1 45.25 25
3 45.75 25
2 46 25
1 46.5 25
2 47 25
3 47.25 25
4 47.5 25
3 47.75 25 
3 48 25
4 48.25 25
1 49 25
2 49.25 25
4 49.75 50
1 50.25 25
4 50.75 25
3 51.5 25
1 52 25
4 52.25 25
3 52.75 25
1 53 25
3 54 25 
2 54.75 25
4 55 25
3 55.25 25
1 55.5 25
3 56 25
2 56.25 25
1 56.75 25
1 57.25 25 
3 57.75 25
2 58 25
1 58.25 25
4 58.5 25
2 58.75 50
1 59.5 25
4 60 25
2 60.75 50
1 61.5 25
2 62.5 25
3 63.5 25
4 64.5 25
1 65.5 25
2 66.5 25
3 67.5 25
4 68.5 25
1 69 25
2 70 25
3 71 25
4 72 25
1 73 25
3 74 25
2 75 25
3 76 25
1 77 25
2 78 25
3 79 25
4 80 25
2 81 25
3 82 25
4 83 25
1 84 25
2 85 25
3 86 25
4 86.5 25
4 87.5 25
3 88.5 25
2 90 25
1 91 25
1 92 25
1 93 25
2 94 25
2 95 25
3 96 25
3 97 25
1 98 25
2 99 25
3 100 25
4 101 25
1 102 25
2 103 25
3 104 25
4 105 25
4 106 25
3 107 25
2 108 25
1 109 25
1 110 25
2 111 25
3 112 25
4 113 25
1 114 25
3 115 25
1 116 25
2 117 25
4 118 25
3 119 25
1 120 25
2 121 25
3 123 25
1 124 25
2 125 25
1 126 25
3 127 25
4 128 25
1 129 25
2 130 25
3 131 25
4 132 25
1 133 25
2 134 25
3 135 25
1 136 25
2 137 25
1 138 25
4 139 25
3 140 25
2 141 25
1 142 25
4 143 25
3 144 25
2 145 25
4 146 25
3 147 25
4 148 25
1 149 25
1 150 25
1 151 25